1
CANDIDATES BEARING THE FOLLOWING ROLL NUMBERS ARE DECLARED TO HAVE
PASSED THE INTERMEDIATE SCIENCE (PRE-ENGINEERING) GROUP PART - I (CLASS XI)
ANNUAL EXAMINATION 2026.

Govt. Deg. Science & Commerce College 11-A, North Karachi
6 Papers
700002(333)

700010(272)

700012(327)

700013(320)

700014(287)

700018(312)

700020(285)

700022(282)

700023(293)

700030(254)

700041(321)

700049(317)

700051(274)

700055(305)

700059(370)

700063(315)

700066(345)

700069(264)

700072(303)

700073(317)

700075(330)

700076(298)

700077(366)

700078(294)

700079(356)

700080(276)

700086(279)

700089(281)

700091(284)

700092(327)

700102(323)

700106(315)

700110(408)

700111(323)

700117(258)

700121(352)

700145(433)

700162(314)

***********

***********

***********

***********

****NIL****

***********

***********

700008(204)

700017(180)

700032(194)

700033(174)

700035(159)

700047(175)

700048(164)

700070(186)

700071(201)

700074(199)

700081(208)

700090(216)

700093(174)

700099(215)

700113(219)

700118(171)

700120(188)

700122(200)

700153(181)

700155(203)

700159(225)

700170(179)

700173(163)

***********

***********

700003(135)

700004(137)

700005(133)

700006(136)

700016(115)

700019(126)

700021(149)

700024(130)

700031(128)

700037(106)

700038(114)

700050(158)

700054(126)

700058(115)

700060(125)

700061(135)

700062(106)

700064(113)

700067(140)

700088(110)

700094(128)

700104(137)

700105(121)

700108(131)

700109(168)

700112(107)

700115(139)

700116(112)

700119(143)

700124(148)

700125(143)

700126(154)

700127(148)

700129(123)

700131(131)

700132(114)

700133(126)

700135(144)

700136(133)

700137(148)

700144(164)

700146(132)

700148(131)

700151(153)

700152(106)

700154(136)

700161(125)

700163(141)

700169(122)

***********

700001(81)

700007(100)

700009(60)

700011(102)

700015(96)

700025(84)

700026(105)

700027(67)

700039(97)

700040(96)

700042(97)

700044(83)

700045(82)

700046(87)

700052(98)

700053(111)

700065(86)

700068(95)

700083(81)

700084(87)

700085(111)

700087(80)

700096(102)

700107(63)

700114(68)

700130(84)

700138(82)

700141(100)

700142(88)

700143(94)

700156(105)

700157(76)

700158(88)

700164(82)

700171(102)

700175(82)

700177(71)

***********

***********

***********

5 Papers
4 Papers

3 Papers

2 Papers

2
Govt. Deg. Science & Commerce College 11-A, North Karachi
1Paper
700036(60)

700043(40)

700056(53)

700057(40)

700095(40)

700097(50)

700100(60)

700128(43)

700134(50)

700147(42)

700149(40)

700160(40)

700166(47)

700167(53)

700168(53)

700176(40)

***********

***********

***********

***********

Govt. Degree Boys College, Surjani Town
6 Papers
***********

***********

****NIL****

***********

***********

***********

***********

****NIL****

***********

***********

***********

***********

****NIL****

***********

***********

700353(129)

700386(133)

700391(134)

700397(139)

700398(128)

700352(77)

700357(81)

700358(93)

700364(88)

700371(60)

700373(66)

700377(60)

700392(82)

700394(92)

700396(80)

700401(96)

700402(91)

700403(96)

700405(84)

700407(96)

700408(88)

700415(61)

700417(60)

***********

***********

700351(40)

700362(47)

700363(40)

700366(40)

700367(40)

700368(42)

700380(50)

700381(55)

700382(80)

700385(42)

700388(50)

700393(20)

700400(47)

700406(51)

700412(41)

700414(20)

700416(20)

700418(27)

***********

***********

5 Papers
4 Papers
3 Papers
2 Papers

1Paper

Govt. Degree Boys Sc./Arts/Comm. College 5-L New Karachi
6 Papers
700568(313)

700578(272)

700582(290)

700592(297)

700593(341)

700595(262)

700598(307)

700599(293)

700608(297)

700618(318)

700619(320)

700625(315)

700650(293)

700652(279)

***********

700560(286)

***********

***********

***********

***********

700557(178)

700558(183)

700559(185)

700573(200)

700586(210)

700594(179)

700602(191)

700613(199)

700615(171)

700631(191)

700552(121)

700555(125)

700556(140)

700562(145)

700565(133)

700574(143)

700576(145)

700579(160)

700580(135)

700589(120)

700591(111)

700600(165)

700601(138)

700603(141)

700605(111)

700606(111)

700620(144)

700632(138)

700638(131)

700639(127)

700641(130)

700646(112)

***********

***********

***********

700551(67)

700553(73)

700561(99)

700563(86)

700564(97)

700566(95)

700569(77)

700570(81)

700572(87)

700575(73)

5 Papers
4 Papers

3 Papers

2 Papers

3
Govt. Degree Boys Sc./Arts/Comm. College 5-L New Karachi
700581(92)

700583(80)

700590(99)

700596(64)

700607(91)

700609(89)

700610(65)

700611(75)

700612(82)

700621(95)

700622(88)

700624(104)

700630(81)

700634(62)

700636(67)

700640(65)

700642(90)

700644(60)

700645(68)

700647(68)

700648(69)

700649(85)

700651(81)

700654(71)

700657(70)

700554(58)

700571(55)

700587(40)

700588(44)

700597(50)

700604(53)

700614(70)

700616(52)

700617(43)

700623(45)

700628(50)

700633(53)

700637(23)

700655(21)

***********

1Paper

Govt. Degree College for Boys 7-D/2, North Karachi
6 Papers
701055(324)

701062(336)

701067(244)

701081(352)

701130(295)

701133(292)

701149(472)

701154(251)

701165(277)

701179(392)

701191(456)

701203(400)

***********

***********

***********

***********

***********

****NIL****

***********

***********

701060(189)

701061(155)

701070(154)

701102(160)

701106(162)

701190(168)

***********

***********

***********

***********

701054(109)

701090(151)

701094(130)

701101(128)

701104(126)

701107(107)

701115(109)

701120(128)

701159(116)

701161(129)

701169(123)

701181(127)

701189(188)

701224(119)

***********

701056(108)

701075(60)

701086(67)

701087(88)

701088(65)

701091(60)

701093(60)

701105(73)

701116(85)

701124(81)

701128(88)

701136(68)

701139(64)

701143(76)

701157(75)

701163(66)

701184(66)

701185(71)

701199(72)

701214(60)

701221(72)

***********

***********

***********

***********

701053(40)

701058(40)

701064(20)

701065(20)

701068(43)

701073(20)

701077(23)

701080(40)

701095(27)

701096(25)

701097(22)

701098(21)

701100(51)

701111(44)

701114(44)

701117(43)

701129(41)

701141(20)

701148(20)

701150(20)

701155(24)

701158(27)

701164(45)

701166(26)

701167(23)

701168(47)

701173(30)

701174(40)

701175(20)

701178(23)

701180(26)

701183(22)

701209(26)

701216(20)

701222(20)

5 Papers
4 Papers

3 Papers

2 Papers

1Paper

Islamia Govt. Science College
6 Papers
701413(283)

701414(298)

701419(325)

701422(321)

701423(359)

701424(257)

701435(259)

701440(293)

701443(266)

701447(390)

701450(311)

701451(470)

701463(276)

701479(284)

701480(296)

701484(274)

701489(264)

701496(354)

701497(265)

701509(276)

4
Islamia Govt. Science College
701512(290)

701514(298)

701520(376)

701524(266)

701537(234)

701539(256)

701547(336)

701550(276)

701551(285)

701552(353)

701557(302)

701558(352)

701571(471)

701574(301)

***********

701403(294)

***********

***********

***********

***********

701404(159)

701405(168)

701408(176)

701418(162)

701420(184)

701421(203)

701427(163)

701428(168)

701437(204)

701442(254)

701452(152)

701461(152)

701495(153)

701542(169)

701543(156)

701549(187)

701573(173)

***********

***********

***********

701402(131)

701410(104)

701411(115)

701412(114)

701415(118)

701425(117)

701433(144)

701434(124)

701436(152)

701438(100)

701445(119)

701460(110)

701462(121)

701464(166)

701465(111)

701466(106)

701468(100)

701469(121)

701472(121)

701477(117)

701478(115)

701481(124)

701483(120)

701485(117)

701486(126)

701492(106)

701515(107)

701516(111)

701517(117)

701518(131)

701519(118)

701523(131)

701538(113)

701556(118)

701562(111)

701401(77)

701406(82)

701409(76)

701416(67)

701430(61)

701432(86)

701444(82)

701459(62)

701475(60)

701476(72)

701488(66)

701490(63)

701491(65)

701494(67)

701498(60)

701499(64)

701501(67)

701502(62)

701508(64)

701510(65)

701511(64)

701521(77)

701525(64)

701529(66)

701530(62)

701531(76)

701532(76)

701540(60)

701548(65)

701554(64)

701572(61)

701575(75)

701576(64)

701581(92)

***********

701407(46)

701429(46)

701441(20)

701453(41)

701454(20)

701455(20)

701473(20)

701474(22)

701482(20)

701487(20)

701493(20)

701503(20)

701505(43)

701506(47)

701513(22)

701522(20)

701527(20)

701533(20)

701534(20)

701536(24)

701555(20)

701560(20)

701564(40)

701567(20)

701568(20)

701577(20)

701579(20)

701583(48)

***********

***********

5 Papers
4 Papers

3 Papers

2 Papers

1Paper

Govt. Degree Boys College, Manghopir, Karachi
6 Papers
701824(290)

***********

***********

***********

***********

***********

***********

****NIL****

***********

***********

701823(174)

***********

***********

***********

***********

701825(130)

***********

***********

***********

***********

5 Papers
4 Papers
3 Papers

5
Govt. Degree Boys College, Manghopir, Karachi
2 Papers
701805(94)

701832(62)

***********

***********

***********

701801(20)

701812(40)

701817(45)

701819(40)

701827(40)

701828(42)

701830(50)

701831(46)

701833(42)

***********

1Paper

Usman Public School Campus II
6 Papers
702201(433)

702202(391)

702203(372)

702204(424)

702205(469)

702206(463)

702207(349)

702208(429)

702209(415)

702210(318)

702211(325)

702212(395)

702213(349)

702214(453)

702215(433)

702216(312)

702217(370)

702218(456)

702219(374)

702220(335)

702221(369)

702222(339)

702223(472)

702225(391)

702226(419)

702227(345)

702228(409)

***********

***********

***********

***********

***********

****NIL****

***********

***********

702224(248)

***********

***********

***********

***********

***********

***********

****NIL****

***********

***********

***********

***********

****NIL****

***********

***********

***********

***********

****NIL****

***********

***********

5 Papers
4 Papers
3 Papers
2 Papers
1Paper
Concordia College (North Karachi SAV Campus)
6 Papers
***********

***********

****NIL****

***********

***********

***********

***********

****NIL****

***********

***********

702351(164)

***********

***********

***********

***********

702353(109)

***********

***********

***********

***********

***********

***********

****NIL****

***********

***********

702352(20)

***********

***********

***********

***********

5 Papers
4 Papers
3 Papers
2 Papers
1Paper
Govt. Boys Degree College Buffer Zone
6 Papers
702806(347)

702807(296)

702810(361)

702813(362)

702814(289)

702819(387)

702821(418)

702822(369)

702825(287)

702826(295)

702829(249)

702831(278)

702832(340)

702833(270)

702836(285)

702838(298)

702841(354)

702848(279)

702850(321)

702851(383)

702853(363)

702859(473)

702861(299)

702863(309)

702866(329)

6
Govt. Boys Degree College Buffer Zone
702868(310)

702869(277)

702875(369)

702876(298)

702878(381)

702880(304)

702883(315)

702886(309)

702890(306)

702892(357)

702893(309)

702897(292)

702899(349)

***********

***********

***********

***********

****NIL****

***********

***********

702801(177)

702804(238)

702808(181)

702817(188)

702823(198)

702830(184)

702837(182)

702839(204)

702842(219)

702843(202)

702844(225)

702849(189)

702858(225)

702865(187)

702870(177)

702885(179)

702888(177)

702898(200)

***********

***********

702802(129)

702803(150)

702805(154)

702811(138)

702812(101)

702815(135)

702818(111)

702828(122)

702835(113)

702845(137)

702852(139)

702857(118)

702873(140)

702874(136)

702877(142)

702879(122)

702881(155)

702882(128)

702894(147)

702896(130)

702900(117)

***********

***********

***********

***********

702809(69)

702820(82)

702846(80)

702847(74)

702854(78)

702855(79)

702860(88)

702864(64)

702867(102)

702884(78)

702887(98)

702889(71)

702891(92)

***********

***********

702827(53)

702834(50)

702840(22)

702862(41)

702871(20)

702895(44)

702902(56)

***********

***********

***********

5 Papers
4 Papers

3 Papers

2 Papers

1Paper

Jinnah Govt. College Nazimabad
6 Papers
703151(310)

703159(350)

703167(277)

703169(479)

703170(329)

703172(263)

703175(347)

703190(363)

703192(463)

703196(285)

703197(458)

703201(454)

703208(300)

703211(335)

703215(346)

703218(382)

703224(297)

703225(303)

703227(357)

703229(336)

703230(297)

703233(311)

703236(349)

703237(271)

703247(304)

703254(363)

703259(352)

703265(319)

703267(360)

703270(248)

703277(307)

703291(269)

703292(300)

703296(285)

***********

703257(373)

***********

***********

***********

***********

703162(187)

703166(183)

703174(185)

703183(179)

703186(180)

703207(291)

703244(188)

703248(173)

703262(197)

703273(176)

703284(157)

703285(162)

703293(150)

***********

***********

703154(115)

703161(133)

703168(127)

703171(135)

703180(119)

703221(126)

703228(127)

703232(112)

703243(111)

703255(116)

703256(132)

703261(117)

703263(118)

703297(118)

***********

5 Papers
4 Papers

3 Papers

7
Jinnah Govt. College Nazimabad
2 Papers
703153(77)

703160(61)

703163(93)

703164(73)

703165(61)

703181(76)

703191(61)

703202(71)

703203(64)

703206(79)

703214(99)

703219(71)

703222(82)

703241(69)

703250(62)

703258(70)

703276(70)

703282(82)

703295(80)

***********

703152(27)

703158(25)

703173(40)

703177(28)

703179(31)

703182(40)

703185(20)

703187(41)

703188(43)

703198(40)

703213(45)

703216(56)

703220(44)

703231(40)

703235(51)

703240(30)

703242(40)

703246(41)

703260(82)

703266(20)

703269(50)

703275(51)

703279(26)

703280(21)

703286(42)

703294(20)

703298(20)

703301(44)

703303(21)

***********

1Paper

Pakistan Shipowner's Govt. College
6 Papers
703705(302)

703710(269)

703711(265)

703735(339)

703744(253)

703747(272)

703768(462)

703785(307)

703787(369)

703792(315)

703798(304)

703826(274)

703831(472)

703833(259)

703835(408)

703837(252)

703852(320)

703856(471)

703862(458)

***********

***********

***********

****NIL****

***********

***********

703713(154)

703732(148)

703733(157)

703736(180)

703811(182)

703820(186)

703853(166)

***********

***********

***********

703717(108)

703726(122)

703730(125)

703750(124)

703759(113)

703783(147)

703784(133)

703788(106)

703789(108)

703795(101)

703806(163)

703815(113)

703822(130)

703824(115)

***********

703701(85)

703706(68)

703720(70)

703723(75)

703727(72)

703742(74)

703748(90)

703751(73)

703752(63)

703754(68)

703756(77)

703758(77)

703760(63)

703773(67)

703781(72)

703791(67)

703793(67)

703794(60)

703799(85)

703805(62)

703825(72)

703829(62)

703830(74)

703838(75)

703840(62)

703843(62)

703844(63)

703845(84)

703846(60)

703858(68)

703860(60)

***********

***********

***********

***********

703703(21)

703704(20)

703712(20)

703714(24)

703716(20)

703721(20)

703725(27)

703731(20)

703737(22)

703739(20)

703740(20)

703755(45)

703763(27)

703764(52)

703767(45)

703769(53)

703770(50)

703771(27)

703774(52)

703775(41)

703777(42)

703782(44)

703804(24)

703810(20)

703812(24)

703818(20)

703819(47)

703839(41)

703848(21)

703854(20)

5 Papers
4 Papers

3 Papers

2 Papers

1Paper

8
Iqra Huffaz Boys College
6 Papers
704302(299)

704303(348)

704304(302)

***********

***********

***********

***********

****NIL****

***********

***********

704301(164)

***********

***********

***********

***********

704305(122)

***********

***********

***********

***********

***********

***********

****NIL****

***********

***********

***********

***********

****NIL****

***********

***********

5 Papers
4 Papers
3 Papers
2 Papers
1Paper
Al-Khair College of Higher Education
6 Papers
755051(435)

755052(349)

755053(380)

755054(323)

755055(357)

755058(274)

755059(313)

755060(346)

***********

***********

***********

***********

****NIL****

***********

***********

704401(195)

***********

***********

***********

***********

704403(127)

755056(136)

755057(138)

***********

***********

***********

***********

****NIL****

***********

***********

704402(45)

***********

***********

***********

***********

5 Papers
4 Papers
3 Papers
2 Papers
1Paper
Anees Hussain Higher Secondary School, Block-I North Nazimabad
6 Papers
704501(336)

704502(322)

704503(394)

704504(348)

755151(442)

755152(395)

***********

***********

***********

***********

***********

***********

****NIL****

***********

***********

***********

***********

****NIL****

***********

***********

***********

***********

****NIL****

***********

***********

***********

***********

****NIL****

***********

***********

704505(60)

***********

***********

***********

***********

***********

***********

5 Papers
4 Papers
3 Papers
2 Papers
1Paper
Dr. Ziauddin Intermediate College
6 Papers
704601(364)

704602(461)

755251(335)

9
Dr. Ziauddin Intermediate College
5 Papers
***********

***********

****NIL****

***********

***********

***********

***********

****NIL****

***********

***********

***********

***********

****NIL****

***********

***********

***********

***********

****NIL****

***********

***********

***********

***********

****NIL****

***********

***********

4 Papers
3 Papers
2 Papers
1Paper
Hamdard Intermediate College for Science & Commerce, Block-H, North Nazimabad
6 Papers
704703(391)

704704(316)

704706(469)

755351(365)

***********

***********

***********

****NIL****

***********

***********

704707(307)

***********

***********

***********

***********

704702(136)

704709(125)

704710(140)

***********

***********

704705(69)

704708(91)

***********

***********

***********

704701(42)

***********

***********

***********

***********

5 Papers
4 Papers
3 Papers
2 Papers
1Paper
North City Higher Secondary School Shadman Town North Karachi
6 Papers
***********

***********

****NIL****

***********

***********

***********

***********

****NIL****

***********

***********

***********

***********

****NIL****

***********

***********

***********

***********

****NIL****

***********

***********

***********

***********

****NIL****

***********

***********

***********

***********

****NIL****

***********

***********

5 Papers
4 Papers
3 Papers
2 Papers
1Paper
Quaid-e-Azam Rangers Public School & College
6 Papers
704901(275)

704902(351)

704904(376)

704906(365)

704907(276)

704910(342)

755551(325)

755552(280)

755553(438)

***********

***********

***********

****NIL****

***********

***********

5 Papers

10
Quaid-e-Azam Rangers Public School & College
4 Papers
704903(191)

704908(189)

704909(236)

***********

***********

***********

***********

****NIL****

***********

***********

***********

***********

****NIL****

***********

***********

704905(64)

***********

***********

***********

***********

3 Papers
2 Papers
1Paper
Tabani's College, North Nazimabad Campus
6 Papers
705101(383)

705103(423)

705104(362)

705105(439)

705106(344)

705107(393)

***********

***********

***********

***********

***********

***********

****NIL****

***********

***********

***********

***********

****NIL****

***********

***********

705102(115)

***********

***********

***********

***********

***********

***********

****NIL****

***********

***********

***********

***********

****NIL****

***********

***********

5 Papers
4 Papers
3 Papers
2 Papers
1Paper
Allama Iqbal Govt. Boys Higher Secondary School, Sohrab Goth
6 Papers
***********

***********

****NIL****

***********

***********

***********

***********

****NIL****

***********

***********

705364(169)

***********

***********

***********

***********

705352(128)

705360(103)

705362(134)

***********

***********

705354(70)

705355(91)

705359(84)

705367(91)

705368(89)

705353(48)

705356(47)

705358(42)

705363(42)

705365(20)

705366(40)

705370(24)

***********

***********

***********

5 Papers
4 Papers
3 Papers
2 Papers
1Paper

Dehli Govt.